x: 5 y: 7 z: 7
@pid: 11 v: 1
pid: 1 u: 1 v: 2
pid: 1 u: 2 v: 4

@pid: 21 v: 1
pid: 2 u: 1 v: 2
pid: 2 u: 2 v: 3
pid: 2 u: 3 v: 6
pid: 2 u: 6 v: 4

@pid: 31 v: 1
pid: 3 u: 1 v: 5
pid: 3 u: 5 v: 6
pid: 3 u: 6 v: 4

@pid: 41 v: 1
pid: 4 u: 1 v: 3
pid: 4 u: 3 v: 5
pid: 4 u: 5 v: 6
pid: 4 u: 6 v: 4

Part 1: 
1 1 0 0 0 0 
0 0 0 1 0 0 
0 0 0 0 0 0 
0 0 0 0 0 0 
0 0 0 0 0 0 
0 0 0 0 0 0 

Part 2: 
1 1 0 0 0 0 
0 0 1 0 0 0 
0 0 0 0 0 1 
0 0 0 0 0 0 
0 0 0 0 0 0 
0 0 0 1 0 0 

Part 3: 
1 0 0 0 1 0 
0 0 0 0 0 0 
0 0 0 0 0 0 
0 0 0 0 0 0 
0 0 0 0 0 1 
0 0 0 1 0 0 

Part 4: 
1 0 1 0 0 0 
0 0 0 0 0 0 
0 0 0 0 1 0 
0 0 0 0 0 0 
0 0 0 0 0 1 
0 0 0 1 0 0 


Time Matrix (T):
150			1200	0			700			0			 0			
50			2000	1200	800			0			 600			
200			0			0			1200		8000	 600			
2000		0			4000	1800		30000	 3500			
